          V0        delta       a0_fcc 
 11.61672291   0.03895547   3.59512952 

# dV: 
 -0.95997144   1.91994287 

# V0+dV: 
 10.65675147  13.53666578 


# beta: 
 13.53666578  -2.87991431 

          R2 
  0.99678030 


    nsamples        nelem 
          21            2 

# data1, c_N, a : 
  0.65625000  11.64650686     0.34375000   3.59819939 
  0.67708333  11.59153841     0.32291667   3.59252961 
  0.64583333  11.67518402     0.35416667   3.60115025 
  0.68750000  11.56469966     0.31250000   3.58975479 
  0.62962963  11.72573906     0.37037037   3.60634058 
  0.62962963  11.72708519     0.37037037   3.60647858 
  0.62962963  11.72541852     0.37037037   3.60630772 
  0.70370370  11.51105252     0.29629630   3.58419538 
  0.70370370  11.51310370     0.29629630   3.58440826 
  0.70370370  11.50856667     0.29629630   3.58393735 
  0.70370370  11.51375185     0.29629630   3.58447552 
  0.70370370  11.50514074     0.29629630   3.58358169 
  0.66666667  11.61826447     0.33333333   3.59528854 
  0.66666667  11.61516906     0.33333333   3.59496921 
  0.66666667  11.61134444     0.33333333   3.59457459 
  0.66666667  11.61190000     0.33333333   3.59463192 
  0.66666667  11.61634444     0.33333333   3.59509047 
  0.66666667  11.61578889     0.33333333   3.59503316 
  0.66666667  11.60708519     0.33333333   3.59413502 
  0.66666667  11.61810370     0.33333333   3.59527195 
  0.66666667  11.61606667     0.33333333   3.59506182 

# data2: 
  0.00000000   0.00000000 
  0.00000000   0.00000000 
  0.00000000   0.00000000 
  0.00000000   0.00000000 
  0.00000000   0.00000000 
  0.00000000   0.00000000 
  0.00000000   0.00000000 
  0.00000000   0.00000000 
  0.00000000   0.00000000 
  0.00000000   0.00000000 
  0.00000000   0.00000000 
  0.00000000   0.00000000 
  0.00000000   0.00000000 
  0.00000000   0.00000000 
  0.00000000   0.00000000 
  0.00000000   0.00000000 
  0.00000000   0.00000000 
  0.00000000   0.00000000 
  0.00000000   0.00000000 
  0.00000000   0.00000000 
  0.00000000   0.00000000 

# cn: 
  0.66666667   0.33333333 

