# check each line in data1 and data2: c_1 to c_N-1, a
  0.65625000   0.00000000 
  3.59819939   0.00000000 
 
  0.67708333   0.00000000 
  3.59252961   0.00000000 
 
  0.64583333   0.00000000 
  3.60115025   0.00000000 
 
  0.68750000   0.00000000 
  3.58975479   0.00000000 
 
  0.62962963   0.00000000 
  3.60634058   0.00000000 
 
  0.62962963   0.00000000 
  3.60647858   0.00000000 
 
  0.62962963   0.00000000 
  3.60630772   0.00000000 
 
  0.70370370   0.00000000 
  3.58419538   0.00000000 
 
  0.70370370   0.00000000 
  3.58440826   0.00000000 
 
  0.70370370   0.00000000 
  3.58393735   0.00000000 
 
  0.70370370   0.00000000 
  3.58447552   0.00000000 
 
  0.70370370   0.00000000 
  3.58358169   0.00000000 
 
  0.66666667   0.00000000 
  3.59528854   0.00000000 
 
  0.66666667   0.00000000 
  3.59496921   0.00000000 
 
  0.66666667   0.00000000 
  3.59457459   0.00000000 
 
  0.66666667   0.00000000 
  3.59463192   0.00000000 
 
  0.66666667   0.00000000 
  3.59509047   0.00000000 
 
  0.66666667   0.00000000 
  3.59503316   0.00000000 
 
  0.66666667   0.00000000 
  3.59413502   0.00000000 
 
  0.66666667   0.00000000 
  3.59527195   0.00000000 
 
  0.66666667   0.00000000 
  3.59506182   0.00000000 
 
# a0: mean, std, std/mean 
  3.59512952   0.00000000   0.00000000 

# delta: 
  0.03895547   0.00000000   0.00000000 

# sigmay: 
  0.61617514   0.00000000   0.00000000 

